state: [[-0.9465891501610759,1.0651685727062847],[-0.8488338055316391,0.33459771660461796],[-0.8454679213641897,-0.39750102380386704],[-0.8469273591025765,-1.028235632525059],[-0.2160140295278086,1.167894967287971],[-0.3123354615533758,0.33127703585812396],[-0.21589642486197844,-0.39653018947740165],[-0.41435423190037174,-0.8294405710831368],[0.3155260832018044,0.9661518683911996],[0.3155260832018044,0.33478367974707185],[0.3155260832018044,-0.19889958243968162],[0.317218522414,-1.1253515921481017],[0.9468942718459327,0.7659954677146638],[0.6445867244471578,0.4347418949714845],[0.8463846685645201,-0.29658450889705634],[0.9447559471259919,-1.1280681029071138]]
rewards: [0.5297838035990932, 0.74656294876565, 0.3460449737676896, -0.0010663508956709755, 0.7336806209856661, 0.3656950920521318, -0.010510325815609178, -0.0009741573397814562, 0.09653353651661867, -0.0014046926925139758, -0.0008033642648412886, -0.001757327214905846, -0.01654241454126737, -0.019018389905247624, -0.020068708644298994, -0.012182575739846158, -0.026087831729689093, -0.026825061014784435, -0.023387577428147566, -0.024736140958464325, -0.01845284171677175, -0.02582372779021913, -0.02298862286610115, -0.02596096264669745, -0.021923572189578078, -0.032396556693756295, -0.01842376824537606, -0.021632881734257925, -0.028960856783042388, -0.0369568031393408]
scores: [2.37941546369664]
probs: [-4.853850364685059, -4.9182448387146, -4.81740140914917, -4.905981540679932, -4.522281169891357, -4.732691287994385, -4.5688042640686035, -4.980207920074463, -5.022492408752441, -5.020048141479492, -4.753493785858154, -4.650808334350586, -4.568403720855713, -4.905660629272461, -4.463841438293457, -4.753872871398926, -4.809375286102295, -4.814600467681885, -4.9947075843811035, -4.721341133117676, -4.727902412414551, -4.827572822570801, -4.597620010375977, -4.933372497558594, -4.73923397064209, -4.668537616729736, -5.331153392791748, -4.533563613891602, -5.295470237731934, -5.298830986022949]
actions: [34, 6, 27, 6, 43, 32, 111, 124, 2, 20, 100, 11, 111, 120, 1, 100, 63, 10, 80, 47, 93, 123, 91, 15, 32, 18, 109, 125, 118, 51]
policy loss: [344.3760681152344]
best_mi: 2.6725746864019264
state: [[-0.9083492133245314,0.895896650225954],[-0.9083492133245314,0.26058129520103096],[-1.1109661822716246,-0.374387978530029],[-1.0088458892063337,-0.7077691248247576],[-0.37497954542081147,0.9976610135682733],[-0.27223110255032434,0.16120429326949615],[-0.17216319926128348,-0.1729488635989409],[-0.37364189204428777,-1.009868091069931],[0.2602078205257406,0.7939136359158225],[0.3621001729464304,0.46333634234921384],[0.060105948449042504,-0.37503021840726725],[0.3621001729464304,-1.009868091069931],[0.9973248660819113,0.7940726209526558],[0.9973248660819113,0.360969888270344],[0.9945196495515302,-0.17063106078406254],[1.0958427408207319,-0.9071323114678715]]
rewards: [0.6434402324526189, 0.3422773480092012, 0.19734041416263892, 0.613445017335934, 0.3491714810316182, 0.5806885034002285, 0.7641824122240681, 0.8369857606251863, 0.22930385217656557, 0.14125122023065373, -0.012738912823182957, -0.014652231984243258, -0.013100295010727514, -0.009566885792036572, -0.015257267454275691, -0.008679677800119023, -0.012754817413465958, -0.014963446962036553, -0.019222209566589488, -0.01794035099963409, -0.025838473781423676, -0.020338202295794083, -0.023024469632585642, -0.015375485548114742, -0.01361887108739257, -0.01375085518494501, -0.01963890962607895, -0.01852164043805793, -0.022276463517655554, -0.018877450313987243]
scores: [2.37941546369664, 4.367949324416369]
probs: [-4.600395202636719, -4.690440654754639, -4.767890930175781, -5.237279891967773, -4.810524940490723, -4.801244735717773, -5.108484745025635, -5.010517120361328, -4.636759281158447, -4.985179424285889, -4.640873908996582, -4.791221618652344, -4.838813781738281, -4.617758750915527, -4.785707473754883, -5.040010452270508, -4.829840660095215, -4.755767822265625, -4.6176676750183105, -4.532189846038818, -5.021085262298584, -4.827096462249756, -5.010873794555664, -4.307097911834717, -4.925268173217773, -4.914567947387695, -4.916937828063965, -4.9708075523376465, -4.727822780609131, -4.709494113922119]
actions: [85, 31, 24, 87, 123, 49, 121, 0, 72, 86, 72, 100, 22, 127, 62, 48, 113, 24, 115, 43, 20, 23, 39, 40, 119, 69, 119, 104, 45, 4]
policy loss: [344.3760681152344, 630.8612670898438]
best_mi: 2.669569064295911
state: [[-0.7857747148296624,0.9629566766140213],[-0.9884319261008166,0.3282506947963828],[-0.9884319261008166,-0.30391822454226003],[-0.8876175891371485,-1.0393587247270466],[-0.25332544313637884,0.8612876442277253],[-0.35231110833265133,0.5321871993708333],[-0.2525964457927691,-0.30609533961025814],[-0.4551497304765385,-1.1385130859146235],[0.2784429750554656,0.9629566766140213],[0.5815372219440275,0.32835330641144056],[0.3810586695957011,-0.2013025300020246],[0.17672006059447587,-0.8356736844234349],[1.013341026385604,0.8614960758620241],[0.8096500901143138,0.3295192260358807],[0.9118804256336068,-0.30391822454226003],[0.8110084145835865,-1.0382276861704214]]
rewards: [-0.004468173004549936, 0.31447978271996746, -0.003349450429135814, -0.008993297435596403, -0.023522116655979364, -0.03369833312114956, -0.03909525941816394, -0.041924487203290894, -0.030869115659230673, -0.023398765432072643, -0.0290650942060382, -0.02280411936967308, -0.025567301570403878, -0.013968261186464659, -0.02000300263636623, -0.020091527508971474, -0.01891627272294638, -0.020005623268076533, -0.031882845062671805, -0.026087829523072426, -0.04483880391602524, -0.05247477714476556, -0.05033010882540978, -0.047707660417198205, -0.0666351753677712, -0.05064644556229325, -0.04410894750655725, -0.04634391862022191, -0.051840847652304234, -0.042879716835962256]
scores: [2.37941546369664, 4.367949324416369, -0.6210374945423953]
probs: [-4.911905765533447, -4.791016578674316, -4.571354389190674, -5.024587154388428, -4.726150989532471, -4.720724582672119, -4.756082057952881, -5.198357582092285, -4.477782726287842, -4.672120571136475, -5.149744987487793, -4.975184917449951, -5.220695495605469, -4.7248854637146, -4.220307350158691, -4.611541271209717, -4.690497875213623, -4.810206890106201, -4.989959239959717, -4.977750778198242, -4.730240345001221, -4.992533206939697, -4.998216152191162, -4.980897426605225, -4.854340076446533, -4.482959747314453, -4.584634780883789, -4.732462406158447, -4.656647205352783, -5.037693977355957]
actions: [61, 60, 89, 8, 47, 47, 81, 41, 43, 76, 28, 12, 51, 94, 110, 35, 31, 27, 74, 2, 47, 74, 99, 2, 73, 43, 125, 94, 26, 48]
policy loss: [344.3760681152344, 630.8612670898438, -89.5979995727539]
best_mi: 2.665061751219093
state: [[-1.002136822488791,0.9284737202080386],[-1.002136822488791,0.3012858219498804],[-0.8053707134824898,-0.42423220132161266],[-0.705377394841829,-1.0526016046335278],[-0.4718428068633801,0.9280087914699986],[-0.47307539650972846,0.20315934967078486],[-0.4720606112201555,-0.3259020763082778],[-0.2772985085222263,-0.8554395588580297],[0.35077924229425617,0.9284737202080386],[0.3499360583295088,0.3012858219498804],[0.2525037189308081,-0.3269412653229123],[0.44674127779803924,-1.0522570885359224],[0.9774790095731832,1.026525857495538],[0.8794268722856837,0.3012858219498804],[1.1727882725724037,-0.1265669897793624],[0.7796446246335078,-0.7545581201423951]]
rewards: [1.1002251283477538, 0.5833487270692217, 0.4532670855926124, 0.7146583043230237, 0.7827632833648845, -0.0001967886615705794, -0.012665158082040051, -0.00552060881782257, -0.002687197786128692, -0.008767189730523484, -0.013512970378626754, -0.017761304458589144, -0.01487034299666501, -0.02498811667351708, -0.028234851793360605, -0.026068434035487087, -0.033542784332648345, -0.03120954370102602, -0.02809987343583309, -0.02811193068604556, -0.019643045507269363, -0.021687065059169175, -0.031932995436548595, -0.02900785572032749, -0.036272934267523205, -0.041141616279864124, -0.03890853315731846, -0.03783211714456414, -0.03336218907805977, -0.029621584844226057]
scores: [2.37941546369664, 4.367949324416369, -0.6210374945423953, 3.0386154966327417]
probs: [-5.207928657531738, -4.620965003967285, -4.5903639793396, -4.732101917266846, -4.6552534103393555, -4.948619365692139, -4.74584436416626, -4.809004783630371, -4.663999557495117, -5.129678726196289, -4.767299175262451, -4.869699954986572, -4.535289287567139, -4.817550182342529, -5.274501800537109, -5.0103254318237305, -4.830297470092773, -4.999474048614502, -4.5841064453125, -4.577847480773926, -5.072885036468506, -4.911686897277832, -5.00679874420166, -4.609156608581543, -4.833850860595703, -4.749831199645996, -4.731345176696777, -5.290414333343506, -4.749312400817871, -4.850342750549316]
actions: [92, 127, 85, 81, 26, 82, 19, 113, 18, 28, 66, 120, 25, 54, 36, 80, 90, 119, 115, 115, 57, 39, 74, 85, 90, 45, 112, 97, 113, 27]
policy loss: [344.3760681152344, 630.8612670898438, -89.5979995727539, 441.1333312988281]
best_mi: 2.6712539983380537
state: [[-0.6196920162243842,0.9987245498442799],[-0.811358355784178,0.18175808882537953],[-1.2077718407210312,-0.23306843274903813],[-1.1121749831705707,-0.7509277979478358],[-0.29629049581331496,1.0006868548323427],[-0.39262588645743507,0.37977687657844045],[-0.38983124621159426,-0.3265769711287304],[-0.29629049581331496,-0.9500610282252872],[0.4173808406531814,0.9008133463070438],[0.32046076126648904,0.28344148593432056],[0.32046076126648904,-0.33330977114548355],[0.22040925839223396,-0.9473111486304038],[1.0347032113291488,0.8010967489308026],[1.0351183662349797,0.38134783382300685],[0.7409431369549355,-0.4338384060796473],[1.0365589840983658,-0.9525522291691907]]
rewards: [1.0392191151455066, 1.4332106930686983, 0.7547774116449801, 0.8398242607043471, 0.3010465468075374, 0.5080299730003901, -0.005797000195659763, -0.02096221271039056, -0.024170192456710815, -0.025723508184626986, -0.02099174988843089, -0.027796581486768446, -0.028274271065989787, -0.03260143175808672, -0.033516919728262984, -0.029346861609339303, -0.04720465058544665, -0.052933420552573995, -0.05176949515433993, -0.049368708452220744, -0.048488256170369226, -0.05228947032651288, -0.04962405440729345, -0.04893881549752699, -0.031031914448590214, -0.03603491057298047, -0.030700459570053962, -0.03241598090684317, -0.02898731644845043, -0.03353300296630746]
scores: [2.37941546369664, 4.367949324416369, -0.6210374945423953, 3.0386154966327417, 4.033606815227683]
probs: [-4.6532368659973145, -4.8170037269592285, -5.122795581817627, -5.011905670166016, -5.216263294219971, -4.899596214294434, -5.275150775909424, -4.719683647155762, -4.42493200302124, -4.850428104400635, -4.579227447509766, -4.8853373527526855, -5.016520023345947, -5.265812873840332, -5.201623916625977, -5.124282360076904, -5.306802749633789, -4.644371509552002, -4.669053077697754, -4.823318958282471, -5.013408660888672, -4.438077449798584, -4.772582054138184, -4.640655040740967, -4.8710761070251465, -4.87838077545166, -5.007110118865967, -4.621482849121094, -4.800848960876465, -4.6528143882751465]
actions: [11, 22, 3, 68, 118, 15, 53, 47, 1, 120, 98, 65, 20, 102, 92, 105, 53, 31, 11, 23, 99, 1, 123, 32, 49, 117, 48, 95, 23, 31]
policy loss: [344.3760681152344, 630.8612670898438, -89.5979995727539, 441.1333312988281, 589.7285766601562]
best_mi: 2.672825155582043
