[[-0.9486832980505138,0.8486832980505138],[-0.9486832980505138,0.31622776601683794],[-0.7486832980505138,-0.31622776601683794],[-0.9486832980505138,-0.9486832980505138],[-0.31622776601683794,0.9486832980505138],[-0.31622776601683794,0.31622776601683794],[-0.21622776601683794,-0.31622776601683794],[-0.31622776601683794,-0.9486832980505138],[0.31622776601683794,0.9486832980505138],[0.31622776601683794,0.31622776601683794],[0.31622776601683794,-0.31622776601683794],[0.31622776601683794,-0.9486832980505138],[0.9486832980505138,1.0486832980505139],[1.0486832980505139,0.31622776601683794],[0.9486832980505138,-0.31622776601683794],[0.9486832980505138,-1.0486832980505139]]
[6.0][[-0.9486832980505138,0.8486832980505138],[-0.9486832980505138,0.31622776601683794],[-0.7486832980505138,-0.31622776601683794],[-0.9486832980505138,-0.9486832980505138],[-0.31622776601683794,0.9486832980505138],[-0.31622776601683794,0.31622776601683794],[-0.21622776601683794,-0.31622776601683794],[-0.31622776601683794,-0.9486832980505138],[0.31622776601683794,0.9486832980505138],[0.31622776601683794,0.31622776601683794],[0.31622776601683794,-0.31622776601683794],[0.31622776601683794,-0.9486832980505138],[0.9486832980505138,1.0486832980505139],[1.0486832980505139,0.31622776601683794],[0.9486832980505138,-0.31622776601683794],[0.9486832980505138,-1.0486832980505139]]
[6.0][[-0.9486832980505138,0.8486832980505138],[-0.9486832980505138,0.31622776601683794],[-0.7486832980505138,-0.31622776601683794],[-0.9486832980505138,-0.9486832980505138],[-0.31622776601683794,0.9486832980505138],[-0.31622776601683794,0.31622776601683794],[-0.21622776601683794,-0.31622776601683794],[-0.31622776601683794,-0.9486832980505138],[0.31622776601683794,0.9486832980505138],[0.31622776601683794,0.31622776601683794],[0.31622776601683794,-0.31622776601683794],[0.31622776601683794,-0.9486832980505138],[0.9486832980505138,1.0486832980505139],[1.0486832980505139,0.31622776601683794],[0.9486832980505138,-0.31622776601683794],[0.9486832980505138,-1.0486832980505139]]
[6.0][[-0.9486832980505138,0.8486832980505138],[-0.9486832980505138,0.31622776601683794],[-0.7486832980505138,-0.31622776601683794],[-0.9486832980505138,-0.9486832980505138],[-0.31622776601683794,0.9486832980505138],[-0.31622776601683794,0.31622776601683794],[-0.21622776601683794,-0.31622776601683794],[-0.31622776601683794,-0.9486832980505138],[0.31622776601683794,0.9486832980505138],[0.31622776601683794,0.31622776601683794],[0.31622776601683794,-0.31622776601683794],[0.31622776601683794,-0.9486832980505138],[0.9486832980505138,1.0486832980505139],[1.0486832980505139,0.31622776601683794],[0.9486832980505138,-0.31622776601683794],[0.9486832980505138,-1.0486832980505139]]
[6.0][[-0.9486832980505138,0.8486832980505138],[-0.9486832980505138,0.31622776601683794],[-0.7486832980505138,-0.31622776601683794],[-0.9486832980505138,-0.9486832980505138],[-0.31622776601683794,0.9486832980505138],[-0.31622776601683794,0.31622776601683794],[-0.21622776601683794,-0.31622776601683794],[-0.31622776601683794,-0.9486832980505138],[0.31622776601683794,0.9486832980505138],[0.31622776601683794,0.31622776601683794],[0.31622776601683794,-0.31622776601683794],[0.31622776601683794,-0.9486832980505138],[0.9486832980505138,1.0486832980505139],[1.0486832980505139,0.31622776601683794],[0.9486832980505138,-0.31622776601683794],[0.9486832980505138,-1.0486832980505139]]
[6.0][[-0.9486832980505138,0.8486832980505138],[-0.9486832980505138,0.31622776601683794],[-0.7486832980505138,-0.31622776601683794],[-0.9486832980505138,-0.9486832980505138],[-0.31622776601683794,0.9486832980505138],[-0.31622776601683794,0.31622776601683794],[-0.21622776601683794,-0.31622776601683794],[-0.31622776601683794,-0.9486832980505138],[0.31622776601683794,0.9486832980505138],[0.31622776601683794,0.31622776601683794],[0.31622776601683794,-0.31622776601683794],[0.31622776601683794,-0.9486832980505138],[0.9486832980505138,1.0486832980505139],[1.0486832980505139,0.31622776601683794],[0.9486832980505138,-0.31622776601683794],[0.9486832980505138,-1.0486832980505139]]
[6.0][[-0.9486832980505138,0.8486832980505138],[-0.9486832980505138,0.31622776601683794],[-0.7486832980505138,-0.31622776601683794],[-0.9486832980505138,-0.9486832980505138],[-0.31622776601683794,0.9486832980505138],[-0.31622776601683794,0.31622776601683794],[-0.21622776601683794,-0.31622776601683794],[-0.31622776601683794,-0.9486832980505138],[0.31622776601683794,0.9486832980505138],[0.31622776601683794,0.31622776601683794],[0.31622776601683794,-0.31622776601683794],[0.31622776601683794,-0.9486832980505138],[0.9486832980505138,1.0486832980505139],[1.0486832980505139,0.31622776601683794],[0.9486832980505138,-0.31622776601683794],[0.9486832980505138,-1.0486832980505139]]
[6.0][[-0.9486832980505138,0.9486832980505138],[-0.7486832980505138,0.11622776601683793],[-0.7486832980505138,-0.11622776601683793],[-0.8486832980505138,-0.8486832980505138],[-0.31622776601683794,0.8486832980505138],[-0.21622776601683794,0.31622776601683794],[-0.21622776601683794,-0.31622776601683794],[-0.31622776601683794,-0.8486832980505138],[0.416227766016838,1.0486832980505139],[0.416227766016838,0.416227766016838],[0.516227766016838,-0.31622776601683794],[0.416227766016838,-0.9486832980505138],[1.0486832980505139,1.248683298050514],[1.148683298050514,0.21622776601683794],[1.0486832980505139,-0.316227766016838],[0.9486832980505138,-1.148683298050514]]
[-18.0]
tensor(-3723.5635, grad_fn=<SumBackward0>)
[[-0.8486832980505138,0.8486832980505138],[-0.7486832980505138,0.31622776601683794],[-0.7486832980505138,-0.11622776601683793],[-0.7486832980505138,-0.7486832980505138],[-0.11622776601683793,1.148683298050514],[-0.31622776601683794,0.31622776601683794],[-0.21622776601683794,-0.21622776601683794],[-0.21622776601683794,-0.9486832980505138],[0.31622776601683794,0.9486832980505138],[0.31622776601683794,0.01622776601683798],[0.31622776601683794,-0.21622776601683794],[0.31622776601683794,-1.148683298050514],[0.9486832980505138,0.8486832980505138],[1.0486832980505139,0.416227766016838],[1.0486832980505139,-0.21622776601683794],[0.9486832980505138,-0.9486832980505138]]
[-18.0, -6.0]
tensor(-1224.9382, grad_fn=<SumBackward0>)
[[-0.8486832980505138,0.9486832980505138],[-0.9486832980505138,0.11622776601683793],[-0.7486832980505138,-0.21622776601683794],[-0.7486832980505138,-0.8486832980505138],[-0.31622776601683794,1.0486832980505139],[-0.21622776601683794,0.21622776601683794],[-0.11622776601683793,-0.31622776601683794],[-0.31622776601683794,-1.248683298050514],[0.516227766016838,0.9486832980505138],[0.416227766016838,0.11622776601683793],[0.416227766016838,-0.216227766016838],[0.31622776601683794,-1.0486832980505139],[0.9486832980505138,0.9486832980505138],[0.9486832980505138,0.31622776601683794],[1.0486832980505139,-0.11622776601683793],[1.0486832980505139,-0.8486832980505138]]
[-18.0, -6.0, -8.0]
tensor(-1630.9574, grad_fn=<SumBackward0>)
[[-0.8486832980505138,0.8486832980505138],[-0.9486832980505138,0.31622776601683794],[-0.8486832980505138,-0.21622776601683794],[-0.9486832980505138,-0.9486832980505138],[-0.11622776601683793,0.9486832980505138],[-0.21622776601683794,0.11622776601683793],[-0.21622776601683794,-0.31622776601683794],[-0.31622776601683794,-1.148683298050514],[0.31622776601683794,0.9486832980505138],[0.31622776601683794,0.416227766016838],[0.31622776601683794,-0.316227766016838],[0.31622776601683794,-0.9486832980505138],[1.0486832980505139,1.0486832980505139],[1.148683298050514,0.31622776601683794],[1.148683298050514,-0.416227766016838],[1.0486832980505139,-1.148683298050514]]
[-18.0, -6.0, -8.0, 50.0]
tensor(10415.7402, grad_fn=<SumBackward0>)
[[-0.9486832980505138,0.9486832980505138],[-0.8486832980505138,0.31622776601683794],[-0.9486832980505138,-0.516227766016838],[-0.9486832980505138,-0.9486832980505138],[-0.31622776601683794,0.9486832980505138],[-0.21622776601683794,0.316227766016838],[-0.31622776601683794,-0.516227766016838],[-0.11622776601683793,-0.9486832980505138],[0.416227766016838,0.9486832980505138],[0.31622776601683794,0.016227766016837925],[0.31622776601683794,-0.416227766016838],[0.416227766016838,-0.7486832980505138],[0.9486832980505138,1.148683298050514],[0.9486832980505138,0.21622776601683794],[1.0486832980505139,-0.21622776601683794],[1.148683298050514,-1.148683298050514]]
[-18.0, -6.0, -8.0, 50.0, -14.0]
tensor(-2913.8818, grad_fn=<SumBackward0>)
[[-0.7486832980505138,0.9486832980505139],[-0.8486832980505138,0.21622776601683794],[-0.9486832980505138,-0.31622776601683794],[-0.8486832980505138,-0.9486832980505138],[-0.21622776601683794,1.0486832980505139],[-0.016227766016837925,-0.08377223398316208],[-0.016227766016837925,-0.21622776601683794],[-0.21622776601683794,-0.9486832980505138],[0.31622776601683794,1.148683298050514],[0.31622776601683794,0.516227766016838],[0.31622776601683794,-0.316227766016838],[0.416227766016838,-0.8486832980505138],[0.9486832980505138,0.9486832980505138],[1.148683298050514,0.11622776601683793],[0.9486832980505138,-0.31622776601683794],[0.9486832980505138,-1.0486832980505139]]
[-18.0, -6.0, -8.0, 50.0, -14.0, -8.0]
tensor(-1654.2147, grad_fn=<SumBackward0>)
[[-0.9486832980505138,1.0486832980505139],[-0.9486832980505138,0.316227766016838],[-0.9486832980505138,-0.31622776601683794],[-0.8486832980505138,-0.9486832980505139],[-0.21622776601683794,0.9486832980505138],[-0.016227766016837925,0.016227766016837925],[-0.21622776601683794,-0.416227766016838],[-0.31622776601683794,-1.0486832980505139],[0.31622776601683794,0.8486832980505138],[0.416227766016838,0.21622776601683794],[0.31622776601683794,-0.516227766016838],[0.416227766016838,-1.0486832980505139],[0.9486832980505138,0.8486832980505138],[0.9486832980505138,0.21622776601683794],[1.0486832980505139,-0.316227766016838],[0.9486832980505138,-1.0486832980505139]]
[-18.0, -6.0, -8.0, 50.0, -14.0, -8.0, -44.0]
tensor(-8762.9912, grad_fn=<SumBackward0>)
[[-0.8486832980505138,0.8486832980505138],[-0.8486832980505138,0.21622776601683794],[-0.9486832980505138,-0.416227766016838],[-0.8486832980505138,-0.7486832980505138],[-0.21622776601683794,1.0486832980505139],[-0.21622776601683794,0.21622776601683794],[-0.31622776601683794,-0.31622776601683794],[-0.11622776601683793,-0.9486832980505138],[0.31622776601683794,1.148683298050514],[0.416227766016838,0.11622776601683793],[0.416227766016838,-0.516227766016838],[0.31622776601683794,-0.9486832980505138],[1.148683298050514,1.0486832980505139],[1.0486832980505139,0.516227766016838],[0.9486832980505138,-0.416227766016838],[1.0486832980505139,-1.0486832980505139]]
[-18.0, -6.0, -8.0, 50.0, -14.0, -8.0, -44.0, 0.0]
tensor(0., grad_fn=<SumBackward0>)
[[-0.6486832980505138,0.9486832980505138],[-0.8486832980505138,0.31622776601683794],[-0.8486832980505138,-0.516227766016838],[-0.9486832980505138,-0.9486832980505138],[-0.21622776601683794,0.9486832980505138],[-0.21622776601683794,0.11622776601683793],[-0.31622776601683794,-0.21622776601683794],[-0.21622776601683794,-1.0486832980505139],[0.31622776601683794,0.8486832980505138],[0.516227766016838,0.21622776601683794],[0.516227766016838,-0.016227766016837925],[0.31622776601683794,-1.0486832980505139],[1.148683298050514,0.8486832980505138],[1.148683298050514,0.11622776601683793],[1.0486832980505139,-0.31622776601683794],[0.9486832980505138,-0.9486832980505138]]
[-18.0, -6.0, -8.0, 50.0, -14.0, -8.0, -44.0, 0.0, -2.0]
tensor(-403.4012, grad_fn=<SumBackward0>)
[[-0.6486832980505138,0.7486832980505138],[-0.9486832980505138,0.516227766016838],[-0.8486832980505138,-0.31622776601683794],[-0.8486832980505138,-0.8486832980505138],[-0.31622776601683794,0.8486832980505138],[-0.21622776601683794,0.416227766016838],[-0.31622776601683794,-0.31622776601683794],[-0.21622776601683794,-0.8486832980505138],[0.31622776601683794,0.8486832980505138],[0.31622776601683794,0.416227766016838],[0.516227766016838,-0.316227766016838],[0.516227766016838,-1.248683298050514],[1.0486832980505139,1.148683298050514],[0.9486832980505138,0.416227766016838],[0.9486832980505138,-0.416227766016838],[0.9486832980505138,-0.6486832980505138]]
[-18.0, -6.0, -8.0, 50.0, -14.0, -8.0, -44.0, 0.0, -2.0, -38.0]
tensor(-7842.9565, grad_fn=<SumBackward0>)
[[-0.9486832980505138,0.9486832980505138],[-0.9486832980505138,0.416227766016838],[-0.9486832980505138,-0.316227766016838],[-0.9486832980505138,-0.6486832980505138],[-0.016227766016837925,0.9486832980505139],[-0.31622776601683794,0.31622776601683794],[-0.31622776601683794,-0.516227766016838],[-0.31622776601683794,-1.248683298050514],[0.31622776601683794,0.9486832980505138],[0.31622776601683794,0.31622776601683794],[0.31622776601683794,-0.11622776601683793],[0.31622776601683794,-1.148683298050514],[0.9486832980505138,0.9486832980505138],[1.0486832980505139,0.21622776601683794],[0.9486832980505138,-0.31622776601683794],[0.9486832980505138,-0.9486832980505138]]
[-18.0, -6.0, -8.0, 50.0, -14.0, -8.0, -44.0, 0.0, -2.0, -38.0, -16.0]
tensor(-3038.4744, grad_fn=<SumBackward0>)
[[-0.6486832980505138,0.8486832980505138],[-0.8486832980505138,0.416227766016838],[-0.8486832980505138,-0.21622776601683794],[-0.8486832980505138,-0.9486832980505138],[-0.11622776601683793,0.8486832980505138],[-0.11622776601683793,0.11622776601683793],[-0.11622776601683793,-0.31622776601683794],[-0.31622776601683794,-0.8486832980505138],[0.31622776601683794,0.9486832980505138],[0.31622776601683794,0.21622776601683794],[0.31622776601683794,0.08377223398316208],[0.31622776601683794,-0.9486832980505138],[1.0486832980505139,1.0486832980505139],[0.9486832980505138,0.416227766016838],[0.9486832980505138,-0.31622776601683794],[1.0486832980505139,-0.8486832980505139]]
[-18.0, -6.0, -8.0, 50.0, -14.0, -8.0, -44.0, 0.0, -2.0, -38.0, -16.0, 42.0]
tensor(8207.6143, grad_fn=<SumBackward0>)
[[-0.9486832980505138,0.7486832980505138],[-0.9486832980505138,0.416227766016838],[-0.9486832980505138,-0.11622776601683793],[-0.9486832980505138,-0.9486832980505138],[-0.11622776601683793,0.9486832980505138],[-0.31622776601683794,0.31622776601683794],[-0.21622776601683794,-0.21622776601683794],[-0.31622776601683794,-1.248683298050514],[0.31622776601683794,0.9486832980505138],[0.31622776601683794,0.31622776601683794],[0.416227766016838,-0.316227766016838],[0.31622776601683794,-0.9486832980505139],[1.148683298050514,0.9486832980505138],[0.9486832980505138,0.416227766016838],[0.9486832980505138,-0.31622776601683794],[1.0486832980505139,-1.148683298050514]]
[-18.0, -6.0, -8.0, 50.0, -14.0, -8.0, -44.0, 0.0, -2.0, -38.0, -16.0, 42.0, 22.0]
tensor(4355.5801, grad_fn=<SumBackward0>)
[[-0.6486832980505138,0.8486832980505138],[-0.9486832980505138,0.416227766016838],[-0.9486832980505138,-0.31622776601683794],[-0.9486832980505138,-0.9486832980505138],[-0.21622776601683794,0.9486832980505138],[-0.016227766016837925,0.016227766016837925],[-0.21622776601683794,-0.31622776601683794],[-0.31622776601683794,-1.3486832980505141],[0.31622776601683794,0.9486832980505138],[0.31622776601683794,0.21622776601683794],[0.416227766016838,0.08377223398316208],[0.31622776601683794,-0.9486832980505138],[0.9486832980505138,1.0486832980505139],[1.0486832980505139,0.31622776601683794],[0.9486832980505138,-0.31622776601683794],[0.9486832980505138,-0.8486832980505138]]
[-18.0, -6.0, -8.0, 50.0, -14.0, -8.0, -44.0, 0.0, -2.0, -38.0, -16.0, 42.0, 22.0, 24.0]
tensor(4710.8472, grad_fn=<SumBackward0>)
[[-0.9486832980505138,0.9486832980505138],[-0.9486832980505138,0.316227766016838],[-0.9486832980505138,-0.31622776601683794],[-0.8486832980505138,-0.9486832980505138],[-0.21622776601683794,1.0486832980505139],[-0.21622776601683794,0.316227766016838],[-0.31622776601683794,-0.416227766016838],[-0.21622776601683794,-0.9486832980505139],[0.516227766016838,1.0486832980505139],[0.31622776601683794,0.21622776601683794],[0.416227766016838,-0.216227766016838],[0.31622776601683794,-0.9486832980505138],[1.0486832980505139,0.5486832980505139],[0.9486832980505138,0.31622776601683794],[0.9486832980505138,-0.31622776601683794],[0.9486832980505138,-1.148683298050514]]
[-18.0, -6.0, -8.0, 50.0, -14.0, -8.0, -44.0, 0.0, -2.0, -38.0, -16.0, 42.0, 22.0, 24.0, 26.0]
tensor(5414.2646, grad_fn=<SumBackward0>)
[[-0.4486832980505139,0.8486832980505138],[-0.9486832980505138,0.31622776601683794],[-0.8486832980505138,-0.416227766016838],[-0.8486832980505138,-0.9486832980505138],[-0.11622776601683793,1.248683298050514],[-0.31622776601683794,0.016227766016837925],[-0.31622776601683794,-0.31622776601683794],[-0.31622776601683794,-1.3486832980505141],[0.31622776601683794,0.9486832980505138],[0.31622776601683794,0.21622776601683794],[0.31622776601683794,-0.316227766016838],[0.31622776601683794,-0.8486832980505138],[1.148683298050514,0.9486832980505138],[0.9486832980505138,0.416227766016838],[0.9486832980505138,-0.31622776601683794],[0.9486832980505138,-1.0486832980505139]]
[-18.0, -6.0, -8.0, 50.0, -14.0, -8.0, -44.0, 0.0, -2.0, -38.0, -16.0, 42.0, 22.0, 24.0, 26.0, -32.0]
tensor(-6083.6636, grad_fn=<SumBackward0>)
[[-0.9486832980505138,0.9486832980505138],[-0.9486832980505138,0.416227766016838],[-0.9486832980505138,-0.31622776601683794],[-0.8486832980505138,-0.9486832980505138],[-0.21622776601683794,0.7486832980505138],[-0.11622776601683793,0.11622776601683793],[-0.11622776601683793,-0.21622776601683794],[-0.016227766016837925,-1.0486832980505139],[0.31622776601683794,0.9486832980505138],[0.31622776601683794,0.316227766016838],[0.31622776601683794,-0.016227766016837925],[0.31622776601683794,-1.248683298050514],[0.9486832980505138,0.9486832980505138],[0.9486832980505138,0.31622776601683794],[0.9486832980505138,-0.21622776601683794],[1.0486832980505139,-0.8486832980505138]]
[-18.0, -6.0, -8.0, 50.0, -14.0, -8.0, -44.0, 0.0, -2.0, -38.0, -16.0, 42.0, 22.0, 24.0, 26.0, -32.0, 40.0]
tensor(7813.6758, grad_fn=<SumBackward0>)
[[-0.9486832980505138,0.6486832980505138],[-0.9486832980505138,0.516227766016838],[-0.9486832980505138,-0.11622776601683793],[-0.9486832980505138,-0.7486832980505138],[-0.21622776601683794,1.0486832980505139],[-0.21622776601683794,0.11622776601683793],[-0.31622776601683794,-0.31622776601683794],[-0.11622776601683793,-1.0486832980505139],[0.416227766016838,0.9486832980505138],[0.31622776601683794,0.31622776601683794],[0.31622776601683794,0.38377223398316207],[0.416227766016838,-0.9486832980505138],[0.9486832980505138,1.0486832980505139],[0.9486832980505138,0.31622776601683794],[0.9486832980505138,-0.31622776601683794],[0.9486832980505138,-1.0486832980505139]]
[-18.0, -6.0, -8.0, 50.0, -14.0, -8.0, -44.0, 0.0, -2.0, -38.0, -16.0, 42.0, 22.0, 24.0, 26.0, -32.0, 40.0, -10.0]
tensor(-1932.9696, grad_fn=<SumBackward0>)
[[-0.9486832980505138,0.9486832980505138],[-0.9486832980505138,0.31622776601683794],[-0.9486832980505138,-0.21622776601683794],[-0.9486832980505138,-0.9486832980505138],[-0.11622776601683793,0.8486832980505138],[-0.11622776601683793,0.016227766016837925],[-0.21622776601683794,-0.31622776601683794],[-0.21622776601683794,-0.9486832980505139],[0.31622776601683794,1.0486832980505139],[0.416227766016838,0.21622776601683794],[0.31622776601683794,-0.11622776601683793],[0.31622776601683794,-0.8486832980505138],[1.0486832980505139,0.9486832980505139],[0.9486832980505138,0.416227766016838],[1.0486832980505139,-0.516227766016838],[0.9486832980505138,-1.148683298050514]]
[-18.0, -6.0, -8.0, 50.0, -14.0, -8.0, -44.0, 0.0, -2.0, -38.0, -16.0, 42.0, 22.0, 24.0, 26.0, -32.0, 40.0, -10.0, 10.0]
tensor(1920.5172, grad_fn=<SumBackward0>)
[[-0.9486832980505138,0.9486832980505138],[-0.8486832980505138,0.21622776601683794],[-0.9486832980505138,-0.21622776601683794],[-0.9486832980505138,-1.0486832980505139],[-0.31622776601683794,0.5486832980505139],[-0.31622776601683794,0.11622776601683793],[-0.31622776601683794,-0.31622776601683794],[-0.31622776601683794,-0.9486832980505138],[0.31622776601683794,0.8486832980505138],[0.31622776601683794,0.31622776601683794],[0.31622776601683794,-0.11622776601683793],[0.31622776601683794,-0.9486832980505138],[0.9486832980505138,0.9486832980505139],[0.9486832980505138,0.7162277660168379],[0.9486832980505138,-0.31622776601683794],[0.9486832980505138,-0.8486832980505139]]
[-18.0, -6.0, -8.0, 50.0, -14.0, -8.0, -44.0, 0.0, -2.0, -38.0, -16.0, 42.0, 22.0, 24.0, 26.0, -32.0, 40.0, -10.0, 10.0, -32.0]
tensor(-6351.0610, grad_fn=<SumBackward0>)
[[-0.8486832980505138,1.0486832980505139],[-0.9486832980505138,0.416227766016838],[-0.9486832980505138,-0.31622776601683794],[-0.9486832980505138,-0.9486832980505138],[-0.21622776601683794,0.8486832980505139],[-0.016227766016837925,0.31622776601683794],[-0.31622776601683794,-0.31622776601683794],[-0.21622776601683794,-1.148683298050514],[0.31622776601683794,0.9486832980505138],[0.31622776601683794,0.21622776601683794],[0.31622776601683794,0.48377223398316205],[0.31622776601683794,-1.148683298050514],[0.9486832980505138,0.7486832980505138],[0.9486832980505138,0.416227766016838],[1.148683298050514,-0.31622776601683794],[1.0486832980505139,-1.0486832980505139]]
[-18.0, -6.0, -8.0, 50.0, -14.0, -8.0, -44.0, 0.0, -2.0, -38.0, -16.0, 42.0, 22.0, 24.0, 26.0, -32.0, 40.0, -10.0, 10.0, -32.0, 12.0]
tensor(2222.9604, grad_fn=<SumBackward0>)
[[-0.8486832980505138,0.8486832980505138],[-0.9486832980505138,0.416227766016838],[-0.9486832980505138,-0.11622776601683793],[-0.9486832980505138,-0.9486832980505138],[-0.21622776601683794,0.9486832980505139],[-0.016227766016837925,0.31622776601683794],[-0.31622776601683794,-0.31622776601683794],[-0.31622776601683794,-0.8486832980505138],[0.31622776601683794,0.9486832980505138],[0.31622776601683794,0.316227766016838],[0.416227766016838,-0.01622776601683798],[0.416227766016838,-0.9486832980505139],[1.148683298050514,1.0486832980505139],[1.0486832980505139,0.21622776601683794],[0.9486832980505138,-0.21622776601683794],[1.0486832980505139,-0.9486832980505139]]
[-18.0, -6.0, -8.0, 50.0, -14.0, -8.0, -44.0, 0.0, -2.0, -38.0, -16.0, 42.0, 22.0, 24.0, 26.0, -32.0, 40.0, -10.0, 10.0, -32.0, 12.0, 14.0]
tensor(2682.1533, grad_fn=<SumBackward0>)
[[-0.6486832980505138,0.9486832980505138],[-0.9486832980505138,0.416227766016838],[-0.8486832980505138,-0.21622776601683794],[-0.9486832980505138,-0.9486832980505138],[-0.016227766016837925,1.0486832980505139],[-0.21622776601683794,0.11622776601683793],[-0.31622776601683794,-0.31622776601683794],[-0.31622776601683794,-1.148683298050514],[0.31622776601683794,0.9486832980505138],[0.31622776601683794,0.31622776601683794],[0.31622776601683794,0.08377223398316203],[0.416227766016838,-0.9486832980505138],[1.0486832980505139,1.0486832980505139],[0.9486832980505138,0.31622776601683794],[1.0486832980505139,-0.21622776601683794],[0.9486832980505138,-0.9486832980505138]]
[-18.0, -6.0, -8.0, 50.0, -14.0, -8.0, -44.0, 0.0, -2.0, -38.0, -16.0, 42.0, 22.0, 24.0, 26.0, -32.0, 40.0, -10.0, 10.0, -32.0, 12.0, 14.0, 4.0]
tensor(739.7817, grad_fn=<SumBackward0>)
[[-0.7486832980505138,0.9486832980505138],[-0.9486832980505138,0.516227766016838],[-0.9486832980505138,-0.11622776601683793],[-0.9486832980505138,-0.9486832980505138],[-0.21622776601683794,0.8486832980505138],[0.08377223398316208,0.516227766016838],[-0.21622776601683794,-0.31622776601683794],[-0.11622776601683793,-1.0486832980505139],[0.31622776601683794,0.8486832980505138],[0.31622776601683794,0.21622776601683794],[0.416227766016838,-0.01622776601683798],[0.31622776601683794,-1.0486832980505139],[0.9486832980505138,0.9486832980505139],[0.9486832980505138,0.416227766016838],[0.9486832980505138,-0.31622776601683794],[0.9486832980505138,-1.148683298050514]]
[-18.0, -6.0, -8.0, 50.0, -14.0, -8.0, -44.0, 0.0, -2.0, -38.0, -16.0, 42.0, 22.0, 24.0, 26.0, -32.0, 40.0, -10.0, 10.0, -32.0, 12.0, 14.0, 4.0, -26.0]
tensor(-4817.2695, grad_fn=<SumBackward0>)
[[-0.9486832980505138,0.7486832980505138],[-0.9486832980505138,0.31622776601683794],[-0.9486832980505138,-0.016227766016837925],[-0.9486832980505138,-0.8486832980505138],[-0.31622776601683794,0.8486832980505138],[-0.11622776601683793,0.21622776601683794],[-0.21622776601683794,-0.21622776601683794],[-0.21622776601683794,-0.8486832980505139],[0.31622776601683794,0.9486832980505138],[0.31622776601683794,0.21622776601683794],[0.31622776601683794,0.08377223398316208],[0.31622776601683794,-0.9486832980505138],[0.9486832980505138,0.8486832980505138],[1.0486832980505139,0.416227766016838],[0.9486832980505138,-0.11622776601683793],[0.9486832980505138,-0.8486832980505139]]
[-18.0, -6.0, -8.0, 50.0, -14.0, -8.0, -44.0, 0.0, -2.0, -38.0, -16.0, 42.0, 22.0, 24.0, 26.0, -32.0, 40.0, -10.0, 10.0, -32.0, 12.0, 14.0, 4.0, -26.0, 18.0]
tensor(3377.2732, grad_fn=<SumBackward0>)
[[-0.8486832980505138,0.8486832980505138],[-0.9486832980505138,0.31622776601683794],[-0.9486832980505138,-0.21622776601683794],[-0.9486832980505138,-1.0486832980505139],[-0.21622776601683794,0.9486832980505138],[0.08377223398316208,0.21622776601683794],[-0.016227766016837925,-0.31622776601683794],[-0.016227766016837925,-1.148683298050514],[0.31622776601683794,0.9486832980505138],[0.31622776601683794,0.416227766016838],[0.31622776601683794,0.08377223398316208],[0.31622776601683794,-0.8486832980505138],[0.9486832980505138,0.9486832980505138],[0.9486832980505138,0.416227766016838],[0.9486832980505138,-0.31622776601683794],[1.148683298050514,-1.0486832980505139]]
[-18.0, -6.0, -8.0, 50.0, -14.0, -8.0, -44.0, 0.0, -2.0, -38.0, -16.0, 42.0, 22.0, 24.0, 26.0, -32.0, 40.0, -10.0, 10.0, -32.0, 12.0, 14.0, 4.0, -26.0, 18.0, 6.0]
tensor(1090.9955, grad_fn=<SumBackward0>)
[[-0.9486832980505138,0.9486832980505138],[-0.9486832980505138,0.416227766016838],[-0.9486832980505138,-0.416227766016838],[-0.9486832980505138,-0.9486832980505138],[-0.21622776601683794,0.9486832980505138],[-0.21622776601683794,0.31622776601683794],[-0.21622776601683794,-0.31622776601683794],[-0.31622776601683794,-0.8486832980505138],[0.31622776601683794,0.9486832980505138],[0.31622776601683794,0.31622776601683794],[0.31622776601683794,0.2837722339831621],[0.31622776601683794,-0.7486832980505138],[0.9486832980505138,0.9486832980505139],[1.0486832980505139,0.31622776601683794],[1.0486832980505139,-0.416227766016838],[1.148683298050514,-0.8486832980505138]]
[-18.0, -6.0, -8.0, 50.0, -14.0, -8.0, -44.0, 0.0, -2.0, -38.0, -16.0, 42.0, 22.0, 24.0, 26.0, -32.0, 40.0, -10.0, 10.0, -32.0, 12.0, 14.0, 4.0, -26.0, 18.0, 6.0, 2.0]
tensor(357.0981, grad_fn=<SumBackward0>)
[[-0.8486832980505138,0.9486832980505138],[-0.9486832980505138,0.31622776601683794],[-0.9486832980505138,-0.416227766016838],[-0.9486832980505138,-0.9486832980505138],[-0.016227766016837925,0.8486832980505138],[0.08377223398316208,0.21622776601683794],[-0.11622776601683793,-0.31622776601683794],[-0.21622776601683794,-0.9486832980505139],[0.31622776601683794,0.9486832980505138],[0.31622776601683794,0.31622776601683794],[0.416227766016838,0.583772233983162],[0.31622776601683794,-0.8486832980505138],[0.9486832980505138,0.9486832980505138],[0.9486832980505138,0.31622776601683794],[1.0486832980505139,-0.31622776601683794],[1.0486832980505139,-0.9486832980505139]]
[-18.0, -6.0, -8.0, 50.0, -14.0, -8.0, -44.0, 0.0, -2.0, -38.0, -16.0, 42.0, 22.0, 24.0, 26.0, -32.0, 40.0, -10.0, 10.0, -32.0, 12.0, 14.0, 4.0, -26.0, 18.0, 6.0, 2.0, 14.0]
tensor(2357.7400, grad_fn=<SumBackward0>)
[[-0.9486832980505138,0.7486832980505138],[-0.9486832980505138,0.31622776601683794],[-0.9486832980505138,-0.316227766016838],[-0.9486832980505138,-0.9486832980505138],[-0.11622776601683793,0.9486832980505138],[-0.11622776601683793,0.31622776601683794],[-0.11622776601683793,-0.31622776601683794],[-0.21622776601683794,-0.9486832980505138],[0.31622776601683794,0.9486832980505138],[0.31622776601683794,0.31622776601683794],[0.31622776601683794,0.783772233983162],[0.31622776601683794,-0.8486832980505138],[0.9486832980505138,0.8486832980505138],[1.0486832980505139,0.31622776601683794],[1.0486832980505139,-0.31622776601683794],[0.9486832980505138,-0.9486832980505138]]
[-18.0, -6.0, -8.0, 50.0, -14.0, -8.0, -44.0, 0.0, -2.0, -38.0, -16.0, 42.0, 22.0, 24.0, 26.0, -32.0, 40.0, -10.0, 10.0, -32.0, 12.0, 14.0, 4.0, -26.0, 18.0, 6.0, 2.0, 14.0, -22.0]
tensor(-3738.9539, grad_fn=<SumBackward0>)
[[-0.9486832980505138,0.7486832980505138],[-0.9486832980505138,0.416227766016838],[-0.9486832980505138,-0.31622776601683794],[-0.9486832980505138,-0.9486832980505138],[-0.31622776601683794,0.9486832980505138],[-0.21622776601683794,0.21622776601683794],[-0.21622776601683794,-0.21622776601683794],[-0.11622776601683793,-1.0486832980505139],[0.416227766016838,0.9486832980505138],[0.31622776601683794,0.31622776601683794],[0.31622776601683794,0.38377223398316207],[0.31622776601683794,-1.148683298050514],[0.9486832980505138,0.9486832980505138],[0.9486832980505138,0.31622776601683794],[1.248683298050514,-0.21622776601683794],[0.9486832980505138,-0.9486832980505138]]
[-18.0, -6.0, -8.0, 50.0, -14.0, -8.0, -44.0, 0.0, -2.0, -38.0, -16.0, 42.0, 22.0, 24.0, 26.0, -32.0, 40.0, -10.0, 10.0, -32.0, 12.0, 14.0, 4.0, -26.0, 18.0, 6.0, 2.0, 14.0, -22.0, -28.0]
tensor(-4815.4761, grad_fn=<SumBackward0>)
[[-0.9486832980505138,0.9486832980505138],[-0.9486832980505138,0.516227766016838],[-0.9486832980505138,-0.11622776601683793],[-0.9486832980505138,-0.9486832980505138],[-0.21622776601683794,0.8486832980505138],[-0.11622776601683793,0.31622776601683794],[-0.21622776601683794,-0.31622776601683794],[-0.31622776601683794,-0.8486832980505138],[0.416227766016838,0.9486832980505138],[0.31622776601683794,0.21622776601683794],[0.31622776601683794,0.38377223398316207],[0.31622776601683794,-0.9486832980505138],[0.9486832980505138,0.6486832980505138],[1.0486832980505139,0.31622776601683794],[0.9486832980505138,-0.31622776601683794],[1.0486832980505139,-0.8486832980505138]]
[-18.0, -6.0, -8.0, 50.0, -14.0, -8.0, -44.0, 0.0, -2.0, -38.0, -16.0, 42.0, 22.0, 24.0, 26.0, -32.0, 40.0, -10.0, 10.0, -32.0, 12.0, 14.0, 4.0, -26.0, 18.0, 6.0, 2.0, 14.0, -22.0, -28.0, -28.0]
tensor(-4880.5088, grad_fn=<SumBackward0>)
[[-0.8486832980505138,0.9486832980505138],[-0.9486832980505138,0.31622776601683794],[-0.8486832980505138,-0.21622776601683794],[-0.9486832980505138,-0.9486832980505138],[-0.21622776601683794,1.0486832980505139],[-0.31622776601683794,-0.08377223398316208],[-0.11622776601683793,-0.31622776601683794],[-0.31622776601683794,-0.8486832980505139],[0.31622776601683794,0.9486832980505138],[0.31622776601683794,0.516227766016838],[0.516227766016838,0.783772233983162],[0.31622776601683794,-0.9486832980505138],[1.0486832980505139,0.9486832980505138],[0.9486832980505138,0.31622776601683794],[0.9486832980505138,-0.31622776601683794],[1.0486832980505139,-0.9486832980505138]]
[-18.0, -6.0, -8.0, 50.0, -14.0, -8.0, -44.0, 0.0, -2.0, -38.0, -16.0, 42.0, 22.0, 24.0, 26.0, -32.0, 40.0, -10.0, 10.0, -32.0, 12.0, 14.0, 4.0, -26.0, 18.0, 6.0, 2.0, 14.0, -22.0, -28.0, -28.0, 2.0]
tensor(348.0494, grad_fn=<SumBackward0>)
[[-0.9486832980505138,0.7486832980505138],[-0.9486832980505138,0.31622776601683794],[-0.9486832980505138,-0.31622776601683794],[-0.9486832980505138,-0.9486832980505138],[0.08377223398316208,0.8486832980505138],[-0.11622776601683793,0.21622776601683794],[-0.31622776601683794,-0.31622776601683794],[-0.21622776601683794,-0.7486832980505138],[0.31622776601683794,0.9486832980505138],[0.31622776601683794,0.31622776601683794],[0.31622776601683794,0.48377223398316205],[0.31622776601683794,-1.148683298050514],[0.9486832980505138,0.8486832980505138],[0.9486832980505138,0.21622776601683794],[0.9486832980505138,-0.31622776601683794],[0.9486832980505138,-0.8486832980505138]]
[-18.0, -6.0, -8.0, 50.0, -14.0, -8.0, -44.0, 0.0, -2.0, -38.0, -16.0, 42.0, 22.0, 24.0, 26.0, -32.0, 40.0, -10.0, 10.0, -32.0, 12.0, 14.0, 4.0, -26.0, 18.0, 6.0, 2.0, 14.0, -22.0, -28.0, -28.0, 2.0, -16.0]
tensor(-2749.9473, grad_fn=<SumBackward0>)
[[-0.9486832980505138,0.9486832980505138],[-0.8486832980505138,0.31622776601683794],[-0.9486832980505138,-0.11622776601683793],[-0.9486832980505138,-0.9486832980505138],[-0.11622776601683793,1.0486832980505139],[-0.11622776601683793,0.31622776601683794],[-0.016227766016837925,-0.21622776601683794],[-0.11622776601683793,-0.7486832980505138],[0.416227766016838,0.9486832980505138],[0.416227766016838,0.31622776601683794],[0.31622776601683794,0.2837722339831621],[0.416227766016838,-0.9486832980505138],[1.0486832980505139,0.9486832980505138],[1.0486832980505139,0.31622776601683794],[0.9486832980505138,-0.416227766016838],[1.3486832980505141,-0.8486832980505138]]
[-18.0, -6.0, -8.0, 50.0, -14.0, -8.0, -44.0, 0.0, -2.0, -38.0, -16.0, 42.0, 22.0, 24.0, 26.0, -32.0, 40.0, -10.0, 10.0, -32.0, 12.0, 14.0, 4.0, -26.0, 18.0, 6.0, 2.0, 14.0, -22.0, -28.0, -28.0, 2.0, -16.0, 28.0]
tensor(5204.5674, grad_fn=<SumBackward0>)
[[-0.9486832980505138,0.9486832980505138],[-0.9486832980505138,0.416227766016838],[-0.9486832980505138,-0.31622776601683794],[-0.9486832980505138,-0.9486832980505138],[0.08377223398316208,0.9486832980505138],[-0.21622776601683794,0.31622776601683794],[-0.11622776601683793,-0.31622776601683794],[-0.11622776601683793,-0.9486832980505139],[0.416227766016838,0.9486832980505138],[0.31622776601683794,0.31622776601683794],[0.31622776601683794,0.583772233983162],[0.31622776601683794,-0.9486832980505138],[0.9486832980505138,0.8486832980505138],[1.148683298050514,0.31622776601683794],[0.9486832980505138,-0.31622776601683794],[1.0486832980505139,-1.0486832980505139]]
[-18.0, -6.0, -8.0, 50.0, -14.0, -8.0, -44.0, 0.0, -2.0, -38.0, -16.0, 42.0, 22.0, 24.0, 26.0, -32.0, 40.0, -10.0, 10.0, -32.0, 12.0, 14.0, 4.0, -26.0, 18.0, 6.0, 2.0, 14.0, -22.0, -28.0, -28.0, 2.0, -16.0, 28.0, -14.0]
tensor(-2349.1128, grad_fn=<SumBackward0>)
[[-0.9486832980505138,0.8486832980505138],[-0.9486832980505138,0.416227766016838],[-0.9486832980505138,-0.21622776601683794],[-0.8486832980505138,-0.9486832980505138],[-0.11622776601683793,0.6486832980505138],[-0.016227766016837925,0.21622776601683794],[-0.11622776601683793,-0.21622776601683794],[-0.21622776601683794,-0.8486832980505138],[0.31622776601683794,0.9486832980505138],[0.31622776601683794,0.31622776601683794],[0.31622776601683794,0.683772233983162],[0.31622776601683794,-0.9486832980505138],[1.0486832980505139,0.9486832980505138],[1.0486832980505139,0.21622776601683794],[0.9486832980505138,-0.416227766016838],[1.248683298050514,-1.0486832980505139]]
[-18.0, -6.0, -8.0, 50.0, -14.0, -8.0, -44.0, 0.0, -2.0, -38.0, -16.0, 42.0, 22.0, 24.0, 26.0, -32.0, 40.0, -10.0, 10.0, -32.0, 12.0, 14.0, 4.0, -26.0, 18.0, 6.0, 2.0, 14.0, -22.0, -28.0, -28.0, 2.0, -16.0, 28.0, -14.0, -48.0]
tensor(-8551.6279, grad_fn=<SumBackward0>)
[[-0.9486832980505138,0.9486832980505138],[-0.9486832980505138,0.31622776601683794],[-0.9486832980505138,-0.11622776601683793],[-0.9486832980505138,-0.9486832980505138],[-0.11622776601683793,1.0486832980505139],[-0.016227766016837925,0.21622776601683794],[0.08377223398316208,-0.31622776601683794],[-0.31622776601683794,-0.9486832980505138],[0.31622776601683794,0.9486832980505138],[0.416227766016838,0.516227766016838],[0.6162277660168379,0.38377223398316207],[0.31622776601683794,-0.9486832980505138],[1.0486832980505139,0.9486832980505138],[1.0486832980505139,0.416227766016838],[0.9486832980505138,-0.31622776601683794],[1.148683298050514,-0.9486832980505138]]
[-18.0, -6.0, -8.0, 50.0, -14.0, -8.0, -44.0, 0.0, -2.0, -38.0, -16.0, 42.0, 22.0, 24.0, 26.0, -32.0, 40.0, -10.0, 10.0, -32.0, 12.0, 14.0, 4.0, -26.0, 18.0, 6.0, 2.0, 14.0, -22.0, -28.0, -28.0, 2.0, -16.0, 28.0, -14.0, -48.0, 4.0]
tensor(706.2674, grad_fn=<SumBackward0>)
[[-0.8486832980505138,0.8486832980505138],[-0.9486832980505138,0.31622776601683794],[-0.9486832980505138,-0.21622776601683794],[-0.9486832980505138,-0.9486832980505138],[-0.21622776601683794,1.148683298050514],[-0.016227766016837925,0.21622776601683794],[-0.016227766016837925,-0.31622776601683794],[-0.31622776601683794,-0.7486832980505138],[0.416227766016838,0.9486832980505138],[0.31622776601683794,0.21622776601683794],[0.31622776601683794,0.38377223398316207],[0.31622776601683794,-1.0486832980505139],[1.0486832980505139,1.0486832980505139],[1.0486832980505139,0.31622776601683794],[0.9486832980505138,-0.31622776601683794],[1.148683298050514,-0.7486832980505138]]
[-18.0, -6.0, -8.0, 50.0, -14.0, -8.0, -44.0, 0.0, -2.0, -38.0, -16.0, 42.0, 22.0, 24.0, 26.0, -32.0, 40.0, -10.0, 10.0, -32.0, 12.0, 14.0, 4.0, -26.0, 18.0, 6.0, 2.0, 14.0, -22.0, -28.0, -28.0, 2.0, -16.0, 28.0, -14.0, -48.0, 4.0, 24.0]
tensor(4280.8374, grad_fn=<SumBackward0>)
[[-0.9486832980505138,0.9486832980505138],[-0.9486832980505138,0.31622776601683794],[-0.9486832980505138,-0.21622776601683794],[-0.9486832980505138,-0.9486832980505138],[-0.21622776601683794,0.7486832980505138],[0.1837722339831621,0.11622776601683793],[-0.21622776601683794,-0.31622776601683794],[-0.21622776601683794,-0.4486832980505139],[0.31622776601683794,0.9486832980505138],[0.416227766016838,0.11622776601683793],[0.31622776601683794,0.08377223398316208],[0.31622776601683794,-0.8486832980505138],[1.0486832980505139,0.9486832980505138],[0.9486832980505138,0.31622776601683794],[0.9486832980505138,-0.11622776601683793],[1.3486832980505141,-0.8486832980505138]]
[-18.0, -6.0, -8.0, 50.0, -14.0, -8.0, -44.0, 0.0, -2.0, -38.0, -16.0, 42.0, 22.0, 24.0, 26.0, -32.0, 40.0, -10.0, 10.0, -32.0, 12.0, 14.0, 4.0, -26.0, 18.0, 6.0, 2.0, 14.0, -22.0, -28.0, -28.0, 2.0, -16.0, 28.0, -14.0, -48.0, 4.0, 24.0, 0.0]
tensor(0., grad_fn=<SumBackward0>)
[[-0.9486832980505138,0.8486832980505138],[-0.8486832980505138,0.31622776601683794],[-0.9486832980505138,-0.416227766016838],[-0.9486832980505138,-0.9486832980505138],[-0.21622776601683794,0.9486832980505138],[0.08377223398316208,0.416227766016838],[0.48377223398316205,-0.416227766016838],[-0.21622776601683794,-0.7486832980505139],[0.31622776601683794,0.9486832980505138],[0.31622776601683794,0.21622776601683794],[0.31622776601683794,-0.11622776601683793],[0.416227766016838,-1.148683298050514],[1.0486832980505139,0.9486832980505138],[0.9486832980505138,0.31622776601683794],[1.0486832980505139,-0.21622776601683794],[1.248683298050514,-0.8486832980505138]]
[-18.0, -6.0, -8.0, 50.0, -14.0, -8.0, -44.0, 0.0, -2.0, -38.0, -16.0, 42.0, 22.0, 24.0, 26.0, -32.0, 40.0, -10.0, 10.0, -32.0, 12.0, 14.0, 4.0, -26.0, 18.0, 6.0, 2.0, 14.0, -22.0, -28.0, -28.0, 2.0, -16.0, 28.0, -14.0, -48.0, 4.0, 24.0, 0.0, -38.0]
tensor(-6938.0132, grad_fn=<SumBackward0>)
[[-0.7486832980505138,1.0486832980505139],[-0.9486832980505138,0.31622776601683794],[-0.9486832980505138,-0.21622776601683794],[-0.9486832980505138,-0.9486832980505138],[-0.21622776601683794,0.9486832980505138],[-0.11622776601683793,0.11622776601683793],[0.1837722339831621,-0.21622776601683794],[-0.21622776601683794,-0.7486832980505138],[0.416227766016838,1.0486832980505139],[0.31622776601683794,0.11622776601683799],[0.31622776601683794,0.2837722339831621],[0.31622776601683794,-0.9486832980505138],[1.0486832980505139,0.8486832980505138],[0.9486832980505138,0.316227766016838],[0.9486832980505138,-0.31622776601683794],[1.3486832980505141,-0.7486832980505138]]
[-18.0, -6.0, -8.0, 50.0, -14.0, -8.0, -44.0, 0.0, -2.0, -38.0, -16.0, 42.0, 22.0, 24.0, 26.0, -32.0, 40.0, -10.0, 10.0, -32.0, 12.0, 14.0, 4.0, -26.0, 18.0, 6.0, 2.0, 14.0, -22.0, -28.0, -28.0, 2.0, -16.0, 28.0, -14.0, -48.0, 4.0, 24.0, 0.0, -38.0, -12.0]
tensor(-2208.7014, grad_fn=<SumBackward0>)
[[-0.9486832980505138,0.9486832980505138],[-0.9486832980505138,0.31622776601683794],[-0.9486832980505138,-0.31622776601683794],[-0.9486832980505138,-0.9486832980505138],[-0.31622776601683794,1.3486832980505141],[-0.21622776601683794,0.31622776601683794],[-0.016227766016837925,-0.31622776601683794],[-0.016227766016837925,-0.8486832980505139],[0.31622776601683794,0.9486832980505138],[0.516227766016838,0.016227766016837925],[0.416227766016838,-0.016227766016837925],[0.31622776601683794,-0.8486832980505138],[1.0486832980505139,0.8486832980505138],[0.9486832980505138,0.31622776601683794],[1.0486832980505139,-0.21622776601683794],[1.0486832980505139,-0.9486832980505138]]
[-18.0, -6.0, -8.0, 50.0, -14.0, -8.0, -44.0, 0.0, -2.0, -38.0, -16.0, 42.0, 22.0, 24.0, 26.0, -32.0, 40.0, -10.0, 10.0, -32.0, 12.0, 14.0, 4.0, -26.0, 18.0, 6.0, 2.0, 14.0, -22.0, -28.0, -28.0, 2.0, -16.0, 28.0, -14.0, -48.0, 4.0, 24.0, 0.0, -38.0, -12.0, 16.0]
tensor(3003.9375, grad_fn=<SumBackward0>)
[[-0.9486832980505138,1.0486832980505139],[-0.9486832980505138,0.21622776601683794],[-0.9486832980505138,-0.31622776601683794],[-0.9486832980505138,-0.9486832980505138],[-0.31622776601683794,1.148683298050514],[0.08377223398316208,0.31622776601683794],[0.2837722339831621,-0.31622776601683794],[-0.21622776601683794,-0.9486832980505139],[0.31622776601683794,0.9486832980505138],[0.516227766016838,0.11622776601683793],[0.31622776601683794,-0.016227766016837925],[0.31622776601683794,-1.0486832980505139],[0.9486832980505138,0.9486832980505138],[1.248683298050514,0.31622776601683794],[0.9486832980505138,-0.31622776601683794],[1.248683298050514,-0.8486832980505138]]
[-18.0, -6.0, -8.0, 50.0, -14.0, -8.0, -44.0, 0.0, -2.0, -38.0, -16.0, 42.0, 22.0, 24.0, 26.0, -32.0, 40.0, -10.0, 10.0, -32.0, 12.0, 14.0, 4.0, -26.0, 18.0, 6.0, 2.0, 14.0, -22.0, -28.0, -28.0, 2.0, -16.0, 28.0, -14.0, -48.0, 4.0, 24.0, 0.0, -38.0, -12.0, 16.0, -20.0]
tensor(-3552.9082, grad_fn=<SumBackward0>)
[[-0.9486832980505138,1.0486832980505139],[-0.9486832980505138,0.31622776601683794],[-0.9486832980505138,-0.21622776601683794],[-0.9486832980505138,-0.8486832980505138],[-0.21622776601683794,1.148683298050514],[-0.21622776601683794,0.21622776601683794],[-0.21622776601683794,-0.31622776601683794],[-0.31622776601683794,-0.7486832980505138],[0.31622776601683794,0.9486832980505138],[0.516227766016838,0.31622776601683794],[0.31622776601683794,0.1837722339831621],[0.31622776601683794,-0.8486832980505138],[1.0486832980505139,1.0486832980505139],[0.9486832980505138,0.31622776601683794],[0.9486832980505138,-0.21622776601683794],[1.0486832980505139,-0.7486832980505138]]
[-18.0, -6.0, -8.0, 50.0, -14.0, -8.0, -44.0, 0.0, -2.0, -38.0, -16.0, 42.0, 22.0, 24.0, 26.0, -32.0, 40.0, -10.0, 10.0, -32.0, 12.0, 14.0, 4.0, -26.0, 18.0, 6.0, 2.0, 14.0, -22.0, -28.0, -28.0, 2.0, -16.0, 28.0, -14.0, -48.0, 4.0, 24.0, 0.0, -38.0, -12.0, 16.0, -20.0, -24.0]
tensor(-4195.6343, grad_fn=<SumBackward0>)
[[-0.9486832980505138,0.9486832980505138],[-0.9486832980505138,0.31622776601683794],[-0.9486832980505138,-0.31622776601683794],[-0.9486832980505138,-0.9486832980505138],[-0.21622776601683794,1.148683298050514],[-0.016227766016837925,0.31622776601683794],[-0.31622776601683794,-0.31622776601683794],[-0.21622776601683794,-0.7486832980505138],[0.31622776601683794,0.9486832980505138],[0.416227766016838,0.11622776601683793],[0.516227766016838,-0.11622776601683793],[0.31622776601683794,-0.8486832980505138],[1.0486832980505139,0.9486832980505138],[0.9486832980505138,0.31622776601683794],[1.0486832980505139,-0.11622776601683799],[1.0486832980505139,-0.8486832980505138]]
[-18.0, -6.0, -8.0, 50.0, -14.0, -8.0, -44.0, 0.0, -2.0, -38.0, -16.0, 42.0, 22.0, 24.0, 26.0, -32.0, 40.0, -10.0, 10.0, -32.0, 12.0, 14.0, 4.0, -26.0, 18.0, 6.0, 2.0, 14.0, -22.0, -28.0, -28.0, 2.0, -16.0, 28.0, -14.0, -48.0, 4.0, 24.0, 0.0, -38.0, -12.0, 16.0, -20.0, -24.0, -50.0]
tensor(-8892.1191, grad_fn=<SumBackward0>)
[[-0.9486832980505138,0.9486832980505138],[-0.9486832980505138,0.21622776601683794],[-0.9486832980505138,-0.21622776601683794],[-0.9486832980505138,-0.9486832980505138],[-0.31622776601683794,1.0486832980505139],[-0.21622776601683794,0.11622776601683793],[-0.016227766016837925,-0.11622776601683793],[-0.11622776601683793,-0.8486832980505138],[0.31622776601683794,0.9486832980505138],[0.31622776601683794,0.21622776601683794],[0.31622776601683794,0.38377223398316207],[0.31622776601683794,-0.8486832980505138],[0.9486832980505138,0.9486832980505138],[1.0486832980505139,0.516227766016838],[0.9486832980505138,-0.31622776601683794],[1.0486832980505139,-0.9486832980505138]]
[-18.0, -6.0, -8.0, 50.0, -14.0, -8.0, -44.0, 0.0, -2.0, -38.0, -16.0, 42.0, 22.0, 24.0, 26.0, -32.0, 40.0, -10.0, 10.0, -32.0, 12.0, 14.0, 4.0, -26.0, 18.0, 6.0, 2.0, 14.0, -22.0, -28.0, -28.0, 2.0, -16.0, 28.0, -14.0, -48.0, 4.0, 24.0, 0.0, -38.0, -12.0, 16.0, -20.0, -24.0, -50.0, 34.0]
tensor(6139.1836, grad_fn=<SumBackward0>)
[[-0.9486832980505138,0.9486832980505138],[-0.9486832980505138,0.21622776601683794],[-0.9486832980505138,-0.31622776601683794],[-0.9486832980505138,-0.9486832980505138],[-0.21622776601683794,1.3486832980505141],[-0.016227766016837925,0.016227766016837925],[-0.21622776601683794,-0.31622776601683794],[-0.21622776601683794,-0.9486832980505139],[0.516227766016838,0.9486832980505138],[0.416227766016838,0.016227766016837925],[0.31622776601683794,-0.11622776601683793],[0.416227766016838,-0.8486832980505138],[1.148683298050514,0.8486832980505138],[0.9486832980505138,0.416227766016838],[0.9486832980505138,-0.31622776601683794],[0.9486832980505138,-0.9486832980505138]]
[-18.0, -6.0, -8.0, 50.0, -14.0, -8.0, -44.0, 0.0, -2.0, -38.0, -16.0, 42.0, 22.0, 24.0, 26.0, -32.0, 40.0, -10.0, 10.0, -32.0, 12.0, 14.0, 4.0, -26.0, 18.0, 6.0, 2.0, 14.0, -22.0, -28.0, -28.0, 2.0, -16.0, 28.0, -14.0, -48.0, 4.0, 24.0, 0.0, -38.0, -12.0, 16.0, -20.0, -24.0, -50.0, 34.0, 4.0]
tensor(740.6130, grad_fn=<SumBackward0>)
[[-0.9486832980505138,0.9486832980505138],[-0.8486832980505138,0.31622776601683794],[-0.9486832980505138,-0.416227766016838],[-0.9486832980505138,-0.9486832980505138],[-0.31622776601683794,1.248683298050514],[-0.016227766016837925,0.11622776601683793],[-0.11622776601683793,-0.31622776601683794],[-0.21622776601683794,-0.9486832980505138],[0.416227766016838,0.9486832980505138],[0.31622776601683794,0.11622776601683793],[0.416227766016838,0.2837722339831621],[0.31622776601683794,-0.9486832980505138],[1.148683298050514,1.148683298050514],[1.0486832980505139,0.31622776601683794],[0.9486832980505138,-0.21622776601683794],[1.0486832980505139,-0.7486832980505138]]
[-18.0, -6.0, -8.0, 50.0, -14.0, -8.0, -44.0, 0.0, -2.0, -38.0, -16.0, 42.0, 22.0, 24.0, 26.0, -32.0, 40.0, -10.0, 10.0, -32.0, 12.0, 14.0, 4.0, -26.0, 18.0, 6.0, 2.0, 14.0, -22.0, -28.0, -28.0, 2.0, -16.0, 28.0, -14.0, -48.0, 4.0, 24.0, 0.0, -38.0, -12.0, 16.0, -20.0, -24.0, -50.0, 34.0, 4.0, -8.0]
tensor(-1452.7692, grad_fn=<SumBackward0>)
[[-0.9486832980505138,1.0486832980505139],[-0.7486832980505138,0.31622776601683794],[-0.8486832980505138,-0.31622776601683794],[-0.9486832980505138,-0.9486832980505138],[-0.31622776601683794,1.248683298050514],[-0.11622776601683793,0.11622776601683793],[-0.11622776601683793,-0.31622776601683794],[-0.31622776601683794,-1.0486832980505139],[0.31622776601683794,1.0486832980505139],[0.31622776601683794,0.11622776601683793],[0.31622776601683794,-0.11622776601683793],[0.31622776601683794,-0.9486832980505138],[0.9486832980505138,0.8486832980505138],[0.9486832980505138,0.416227766016838],[0.9486832980505138,-0.21622776601683794],[1.0486832980505139,-0.8486832980505138]]
[-18.0, -6.0, -8.0, 50.0, -14.0, -8.0, -44.0, 0.0, -2.0, -38.0, -16.0, 42.0, 22.0, 24.0, 26.0, -32.0, 40.0, -10.0, 10.0, -32.0, 12.0, 14.0, 4.0, -26.0, 18.0, 6.0, 2.0, 14.0, -22.0, -28.0, -28.0, 2.0, -16.0, 28.0, -14.0, -48.0, 4.0, 24.0, 0.0, -38.0, -12.0, 16.0, -20.0, -24.0, -50.0, 34.0, 4.0, -8.0, 34.0]
tensor(6134.8325, grad_fn=<SumBackward0>)
[[-0.9486832980505138,0.8486832980505138],[-0.8486832980505138,0.31622776601683794],[-0.9486832980505138,-0.016227766016837925],[-0.9486832980505138,-0.8486832980505138],[-0.31622776601683794,1.0486832980505139],[-0.31622776601683794,0.31622776601683794],[-0.11622776601683793,-0.416227766016838],[-0.31622776601683794,-0.548683298050514],[0.31622776601683794,0.9486832980505138],[0.31622776601683794,0.11622776601683793],[0.416227766016838,0.2837722339831621],[0.31622776601683794,-0.9486832980505138],[0.9486832980505138,1.0486832980505139],[1.0486832980505139,0.31622776601683794],[0.9486832980505138,-0.31622776601683794],[1.4486832980505142,-0.9486832980505138]]
[-18.0, -6.0, -8.0, 50.0, -14.0, -8.0, -44.0, 0.0, -2.0, -38.0, -16.0, 42.0, 22.0, 24.0, 26.0, -32.0, 40.0, -10.0, 10.0, -32.0, 12.0, 14.0, 4.0, -26.0, 18.0, 6.0, 2.0, 14.0, -22.0, -28.0, -28.0, 2.0, -16.0, 28.0, -14.0, -48.0, 4.0, 24.0, 0.0, -38.0, -12.0, 16.0, -20.0, -24.0, -50.0, 34.0, 4.0, -8.0, 34.0, 20.0]
tensor(3606.2588, grad_fn=<SumBackward0>)
[[-0.9486832980505138,1.0486832980505139],[-0.9486832980505138,0.31622776601683794],[-0.9486832980505138,-0.21622776601683794],[-0.9486832980505138,-0.9486832980505138],[-0.11622776601683793,0.9486832980505139],[-0.21622776601683794,0.11622776601683793],[-0.11622776601683793,-0.31622776601683794],[-0.11622776601683793,-0.6486832980505138],[0.31622776601683794,0.9486832980505138],[0.31622776601683794,0.31622776601683794],[0.516227766016838,-0.11622776601683793],[0.31622776601683794,-0.8486832980505138],[0.9486832980505138,0.7486832980505138],[0.9486832980505138,0.21622776601683794],[0.9486832980505138,-0.31622776601683794],[0.9486832980505138,-0.8486832980505138]]
[-18.0, -6.0, -8.0, 50.0, -14.0, -8.0, -44.0, 0.0, -2.0, -38.0, -16.0, 42.0, 22.0, 24.0, 26.0, -32.0, 40.0, -10.0, 10.0, -32.0, 12.0, 14.0, 4.0, -26.0, 18.0, 6.0, 2.0, 14.0, -22.0, -28.0, -28.0, 2.0, -16.0, 28.0, -14.0, -48.0, 4.0, 24.0, 0.0, -38.0, -12.0, 16.0, -20.0, -24.0, -50.0, 34.0, 4.0, -8.0, 34.0, 20.0, -4.0]
tensor(-699.9927, grad_fn=<SumBackward0>)
[[-0.9486832980505138,0.9486832980505138],[-0.9486832980505138,0.31622776601683794],[-0.9486832980505138,-0.31622776601683794],[-0.9486832980505138,-0.9486832980505138],[-0.31622776601683794,1.148683298050514],[-0.016227766016837925,0.016227766016837925],[-0.11622776601683793,-0.31622776601683794],[-0.31622776601683794,-0.7486832980505139],[0.31622776601683794,0.9486832980505138],[0.31622776601683794,0.21622776601683794],[0.31622776601683794,0.2837722339831621],[0.31622776601683794,-0.9486832980505138],[1.0486832980505139,0.8486832980505138],[1.0486832980505139,0.31622776601683794],[0.9486832980505138,-0.31622776601683794],[1.0486832980505139,-0.8486832980505138]]
[-18.0, -6.0, -8.0, 50.0, -14.0, -8.0, -44.0, 0.0, -2.0, -38.0, -16.0, 42.0, 22.0, 24.0, 26.0, -32.0, 40.0, -10.0, 10.0, -32.0, 12.0, 14.0, 4.0, -26.0, 18.0, 6.0, 2.0, 14.0, -22.0, -28.0, -28.0, 2.0, -16.0, 28.0, -14.0, -48.0, 4.0, 24.0, 0.0, -38.0, -12.0, 16.0, -20.0, -24.0, -50.0, 34.0, 4.0, -8.0, 34.0, 20.0, -4.0, 10.0]
tensor(1650.2855, grad_fn=<SumBackward0>)
[[-0.9486832980505138,0.9486832980505138],[-0.9486832980505138,0.31622776601683794],[-0.9486832980505138,-0.21622776601683794],[-0.9486832980505138,-0.9486832980505138],[-0.31622776601683794,1.148683298050514],[0.08377223398316208,0.31622776601683794],[-0.11622776601683793,-0.31622776601683794],[-0.21622776601683794,-1.0486832980505139],[0.31622776601683794,0.9486832980505138],[0.31622776601683794,0.21622776601683794],[0.31622776601683794,-0.11622776601683793],[0.31622776601683794,-0.9486832980505138],[0.9486832980505138,1.0486832980505139],[0.9486832980505138,0.31622776601683794],[0.9486832980505138,-0.31622776601683794],[1.0486832980505139,-0.8486832980505138]]
[-18.0, -6.0, -8.0, 50.0, -14.0, -8.0, -44.0, 0.0, -2.0, -38.0, -16.0, 42.0, 22.0, 24.0, 26.0, -32.0, 40.0, -10.0, 10.0, -32.0, 12.0, 14.0, 4.0, -26.0, 18.0, 6.0, 2.0, 14.0, -22.0, -28.0, -28.0, 2.0, -16.0, 28.0, -14.0, -48.0, 4.0, 24.0, 0.0, -38.0, -12.0, 16.0, -20.0, -24.0, -50.0, 34.0, 4.0, -8.0, 34.0, 20.0, -4.0, 10.0, 40.0]
tensor(6346.7612, grad_fn=<SumBackward0>)
[[-0.9486832980505138,1.0486832980505139],[-0.9486832980505138,0.31622776601683794],[-0.9486832980505138,-0.31622776601683794],[-0.9486832980505138,-0.9486832980505138],[-0.31622776601683794,1.148683298050514],[-0.016227766016837925,-0.08377223398316208],[-0.31622776601683794,-0.31622776601683794],[-0.21622776601683794,-1.148683298050514],[0.31622776601683794,0.9486832980505138],[0.31622776601683794,0.21622776601683794],[0.31622776601683794,-0.216227766016838],[0.31622776601683794,-0.9486832980505138],[1.148683298050514,0.8486832980505138],[1.0486832980505139,0.31622776601683794],[0.9486832980505138,-0.31622776601683794],[1.248683298050514,-0.8486832980505138]]
[-18.0, -6.0, -8.0, 50.0, -14.0, -8.0, -44.0, 0.0, -2.0, -38.0, -16.0, 42.0, 22.0, 24.0, 26.0, -32.0, 40.0, -10.0, 10.0, -32.0, 12.0, 14.0, 4.0, -26.0, 18.0, 6.0, 2.0, 14.0, -22.0, -28.0, -28.0, 2.0, -16.0, 28.0, -14.0, -48.0, 4.0, 24.0, 0.0, -38.0, -12.0, 16.0, -20.0, -24.0, -50.0, 34.0, 4.0, -8.0, 34.0, 20.0, -4.0, 10.0, 40.0, 40.0]
tensor(6594.2783, grad_fn=<SumBackward0>)
[[-0.9486832980505138,0.9486832980505138],[-0.9486832980505138,0.31622776601683794],[-0.8486832980505138,-0.016227766016837925],[-0.9486832980505138,-0.9486832980505138],[-0.21622776601683794,1.148683298050514],[-0.016227766016837925,-0.1837722339831621],[-0.31622776601683794,-0.21622776601683794],[-0.21622776601683794,-0.6486832980505138],[0.31622776601683794,0.9486832980505138],[0.416227766016838,0.21622776601683794],[0.31622776601683794,-0.016227766016837925],[0.31622776601683794,-0.7486832980505138],[1.148683298050514,1.0486832980505139],[0.9486832980505138,0.31622776601683794],[1.0486832980505139,-0.31622776601683794],[1.148683298050514,-0.9486832980505138]]
[-18.0, -6.0, -8.0, 50.0, -14.0, -8.0, -44.0, 0.0, -2.0, -38.0, -16.0, 42.0, 22.0, 24.0, 26.0, -32.0, 40.0, -10.0, 10.0, -32.0, 12.0, 14.0, 4.0, -26.0, 18.0, 6.0, 2.0, 14.0, -22.0, -28.0, -28.0, 2.0, -16.0, 28.0, -14.0, -48.0, 4.0, 24.0, 0.0, -38.0, -12.0, 16.0, -20.0, -24.0, -50.0, 34.0, 4.0, -8.0, 34.0, 20.0, -4.0, 10.0, 40.0, 40.0, 12.0]
tensor(2185.0879, grad_fn=<SumBackward0>)
[[-0.9486832980505138,0.9486832980505138],[-0.9486832980505138,0.31622776601683794],[-0.9486832980505138,-0.21622776601683794],[-0.9486832980505138,-0.9486832980505138],[-0.31622776601683794,1.148683298050514],[0.08377223398316208,-0.38377223398316207],[-0.11622776601683793,-0.31622776601683794],[-0.21622776601683794,-1.4486832980505142],[0.31622776601683794,0.9486832980505138],[0.31622776601683794,0.416227766016838],[0.31622776601683794,-0.316227766016838],[0.31622776601683794,-0.8486832980505138],[1.0486832980505139,0.9486832980505138],[0.9486832980505138,0.31622776601683794],[0.9486832980505138,-0.31622776601683794],[1.248683298050514,-0.9486832980505138]]
[-18.0, -6.0, -8.0, 50.0, -14.0, -8.0, -44.0, 0.0, -2.0, -38.0, -16.0, 42.0, 22.0, 24.0, 26.0, -32.0, 40.0, -10.0, 10.0, -32.0, 12.0, 14.0, 4.0, -26.0, 18.0, 6.0, 2.0, 14.0, -22.0, -28.0, -28.0, 2.0, -16.0, 28.0, -14.0, -48.0, 4.0, 24.0, 0.0, -38.0, -12.0, 16.0, -20.0, -24.0, -50.0, 34.0, 4.0, -8.0, 34.0, 20.0, -4.0, 10.0, 40.0, 40.0, 12.0, 14.0]
tensor(2235.8823, grad_fn=<SumBackward0>)
[[-0.9486832980505138,0.9486832980505138],[-0.9486832980505138,0.31622776601683794],[-0.9486832980505138,-0.31622776601683794],[-0.9486832980505138,-0.9486832980505138],[-0.31622776601683794,0.9486832980505138],[-0.11622776601683793,0.11622776601683793],[-0.21622776601683794,-0.31622776601683794],[-0.31622776601683794,-1.0486832980505139],[0.31622776601683794,0.9486832980505138],[0.31622776601683794,0.31622776601683794],[0.516227766016838,-0.21622776601683794],[0.31622776601683794,-0.8486832980505138],[0.9486832980505138,0.9486832980505138],[1.0486832980505139,0.31622776601683794],[0.9486832980505138,-0.31622776601683794],[0.9486832980505138,-1.0486832980505139]]
[-18.0, -6.0, -8.0, 50.0, -14.0, -8.0, -44.0, 0.0, -2.0, -38.0, -16.0, 42.0, 22.0, 24.0, 26.0, -32.0, 40.0, -10.0, 10.0, -32.0, 12.0, 14.0, 4.0, -26.0, 18.0, 6.0, 2.0, 14.0, -22.0, -28.0, -28.0, 2.0, -16.0, 28.0, -14.0, -48.0, 4.0, 24.0, 0.0, -38.0, -12.0, 16.0, -20.0, -24.0, -50.0, 34.0, 4.0, -8.0, 34.0, 20.0, -4.0, 10.0, 40.0, 40.0, 12.0, 14.0, 44.0]
tensor(6370.1470, grad_fn=<SumBackward0>)
[[-0.9486832980505138,0.9486832980505138],[-0.9486832980505138,0.31622776601683794],[-0.9486832980505138,-0.21622776601683794],[-0.9486832980505138,-0.9486832980505138],[-0.31622776601683794,1.248683298050514],[-0.11622776601683793,0.11622776601683793],[-0.31622776601683794,-0.31622776601683794],[-0.21622776601683794,-0.6486832980505138],[0.31622776601683794,1.0486832980505139],[0.31622776601683794,0.21622776601683794],[0.31622776601683794,0.08377223398316208],[0.31622776601683794,-0.9486832980505138],[0.9486832980505138,0.9486832980505138],[0.9486832980505138,0.31622776601683794],[0.9486832980505138,-0.31622776601683794],[1.3486832980505141,-0.8486832980505138]]
[-18.0, -6.0, -8.0, 50.0, -14.0, -8.0, -44.0, 0.0, -2.0, -38.0, -16.0, 42.0, 22.0, 24.0, 26.0, -32.0, 40.0, -10.0, 10.0, -32.0, 12.0, 14.0, 4.0, -26.0, 18.0, 6.0, 2.0, 14.0, -22.0, -28.0, -28.0, 2.0, -16.0, 28.0, -14.0, -48.0, 4.0, 24.0, 0.0, -38.0, -12.0, 16.0, -20.0, -24.0, -50.0, 34.0, 4.0, -8.0, 34.0, 20.0, -4.0, 10.0, 40.0, 40.0, 12.0, 14.0, 44.0, 42.0]
tensor(5947.7290, grad_fn=<SumBackward0>)
[[-0.9486832980505138,0.9486832980505138],[-0.9486832980505138,0.31622776601683794],[-0.9486832980505138,-0.31622776601683794],[-0.9486832980505138,-0.9486832980505138],[-0.31622776601683794,0.9486832980505138],[-0.11622776601683793,0.11622776601683793],[-0.31622776601683794,-0.31622776601683794],[-0.31622776601683794,-0.7486832980505139],[0.31622776601683794,0.9486832980505138],[0.31622776601683794,0.31622776601683794],[0.31622776601683794,-0.11622776601683793],[0.31622776601683794,-0.9486832980505138],[0.9486832980505138,1.0486832980505139],[0.9486832980505138,0.31622776601683794],[0.9486832980505138,-0.31622776601683794],[0.9486832980505138,-0.9486832980505138]]
[-18.0, -6.0, -8.0, 50.0, -14.0, -8.0, -44.0, 0.0, -2.0, -38.0, -16.0, 42.0, 22.0, 24.0, 26.0, -32.0, 40.0, -10.0, 10.0, -32.0, 12.0, 14.0, 4.0, -26.0, 18.0, 6.0, 2.0, 14.0, -22.0, -28.0, -28.0, 2.0, -16.0, 28.0, -14.0, -48.0, 4.0, 24.0, 0.0, -38.0, -12.0, 16.0, -20.0, -24.0, -50.0, 34.0, 4.0, -8.0, 34.0, 20.0, -4.0, 10.0, 40.0, 40.0, 12.0, 14.0, 44.0, 42.0, 48.0]
tensor(5957.9048, grad_fn=<SumBackward0>)
[[-0.8486832980505138,0.9486832980505138],[-0.9486832980505138,0.31622776601683794],[-0.9486832980505138,-0.21622776601683794],[-0.9486832980505138,-0.9486832980505138],[-0.31622776601683794,1.148683298050514],[-0.11622776601683793,0.11622776601683793],[-0.21622776601683794,-0.31622776601683794],[-0.21622776601683794,-1.5486832980505143],[0.31622776601683794,0.9486832980505138],[0.31622776601683794,0.016227766016837925],[0.31622776601683794,-0.11622776601683793],[0.31622776601683794,-0.9486832980505138],[0.9486832980505138,0.9486832980505138],[0.9486832980505138,0.31622776601683794],[0.9486832980505138,-0.31622776601683794],[1.248683298050514,-0.7486832980505138]]
[-18.0, -6.0, -8.0, 50.0, -14.0, -8.0, -44.0, 0.0, -2.0, -38.0, -16.0, 42.0, 22.0, 24.0, 26.0, -32.0, 40.0, -10.0, 10.0, -32.0, 12.0, 14.0, 4.0, -26.0, 18.0, 6.0, 2.0, 14.0, -22.0, -28.0, -28.0, 2.0, -16.0, 28.0, -14.0, -48.0, 4.0, 24.0, 0.0, -38.0, -12.0, 16.0, -20.0, -24.0, -50.0, 34.0, 4.0, -8.0, 34.0, 20.0, -4.0, 10.0, 40.0, 40.0, 12.0, 14.0, 44.0, 42.0, 48.0, 30.0]
tensor(4301.6606, grad_fn=<SumBackward0>)
